1000000001 01 HOUSING                                                   00010000
1000000002 01 CAR                                                       00020000
1000000003 02 PERSONAL                                                  00030000
1000000004 13 EDUCATION                                                 00040000
1000000005 04 BUSINESS                                                  00050000
2000000001 04 PERSONAL                                                  00060000
2000000002 15 HOUSING                                                   00070000
2000000003 18 AGRICULTURE                                               00080000
2000000004 08 CAR                                                       00090000
2000000005 10 AGRICULTURE                                               00100000
3000000001 10 HOUSING                                                   00110000
3000000002 12 PERSONAL                                                  00120000
3000000003 19 PERSONAL                                                  00130000
3000000004 14 EDUCATION                                                 00140000
3000000005 15 CAR                                                       00150000
