1000000001 01 5850000.00 2013-07-21                                     00010001
1000000002 12 1100000.00 2012-05-15                                     00020001
1000000003 12 2300000.98 2014-01-26                                     00030001
1000000004 14 7898755.98 2016-07-31                                     00040001
1000000005 04 3535353.90 2011-06-23                                     00050001
2000000001 15 5735353.99 2010-09-25                                     00060001
2000000002 05 1000000.00 2013-04-12                                     00070001
2000000003 08 2000000.00 2002-04-04                                     00080001
2000000004 09 1200000.00 2004-02-13                                     00090001
2000000005 10 3000000.00 2024-02-13                                     00100001
3000000001 11 4000000.00 2011-03-17                                     00110001
